1.0272e+05
1.0341e+05
1.0482e+05
1.1462e+05
1.2072e+05
1.2913e+05
1.3362e+05
1.4493e+05
1.5052e+05
1.5603e+05
1.5854e+05
1.6093e+05
1.6544e+05
1.7604e+05
1.8875e+05
1.9134e+05
1.9204e+05
1.9585e+05
1.9685e+05
2.0392e+05
2.0422e+05
2.0522e+05
2.0693e+05
2.0923e+05
2.1473e+05
2.1713e+05
2.1923e+05
2.3333e+05
2.5754e+05
2.9515e+05
3.4694e+05
3.9715e+05
4.2904e+05
4.4194e+05
5.1674e+05
5.2023e+05
5.2554e+05
5.4164e+05
5.6195e+05
5.7987e+05
5.9787e+05
5.9857e+05
6.3385e+05
6.6476e+05
7.2845e+05
7.4455e+05
7.4826e+05
7.5987e+05
7.6356e+05
8.0094e+05
8.1275e+05
9.1044e+05
