100610
101309
101410
105923
107422
108323
109325
110007
111716
112516
113922
114823
115017
115724
117122
118124
119833
120414
121416
123925
124624
127832
128632
128935
130518
133019
136833
137027
137633
138534
139637
141422
141826
142828
144125
144731
144832
146331
146533
146735
149741
153126
155938
156233
156536
157437
159239
159744
161630
162026
162228
162329
163331
164030
169545
170631
172433
172534
173334
173839
174841
178243
183034
188145
188347
189652
191841
191942
194443
195041
198249
199453
200311
200614
201515
201818
204622
206323
207426
210617
211114
211821
213421
237334
246133
256540
268850
285345
304020
304727
318637
329844
350330
356948
358144
365343
366446
368753
378857
380036
381543
392447
393247
393550
394956
395251
415837
433839
469961
473952
475855
495255
529549
536647
552241
571144
573451
581450
585862
587664
615441
615744
626648
638049
644246
645551
654350
657659
660951
673455
679770
683256
701535
709551
715950
732243
734045
773257
782561
783462
789373
814548
815247
826454
828862
844961
856463
856766
857263
861456
867468
871762
888678
894673
896778
902242
904044
917558
922854
930449
933253
943862
973770
987074
989987
992673
995174
