101309
107422
108323
109325
110007
112516
113922
115017
115724
117122
118124
119833
120414
123925
124624
128632
128935
130518
133019
136833
137027
137633
138534
139637
141422
144125
144731
144832
146331
146533
146735
149741
153126
155938
156536
162026
162228
162329
163331
164030
170631
172433
172534
173334
173839
178243
183034
188145
189652
191942
195041
198249
199453
200311
200614
201818
204622
206323
207426
210617
211114
211821
213421
268850
285345
304020
304727
318637
350330
356948
358144
365343
366446
380036
381543
393247
393550
394956
395251
433839
473952
475855
495255
529549
536647
552241
571144
573451
585862
587664
615441
615744
626648
638049
644246
645551
657659
660951
673455
683256
709551
715950
732243
734045
773257
782561
783462
789373
815247
828862
844961
856463
857263
861456
867468
871762
888678
894673
902242
904044
917558
922854
930449
933253
943862
973770
987074
989987
992673
995174
