101309
102715
103414
104820
105115
107422
108121
108323
109325
113922
115724
117122
118730
119833
120414
120717
122620
123925
124624
128026
128632
129028
129129
130518
133019
133625
133827
135124
136833
137027
137229
138534
139637
139839
141422
143325
143426
144731
144832
144933
149236
149741
149842
150524
156031
156536
157942
158540
159946
160830
160931
162228
163331
164030
167440
170934
172433
172534
173334
173839
176037
178849
188751
191336
192035
195041
195849
200311
200513
200614
201111
201818
202820
204016
204218
204622
205220
206323
206929
210617
211316
213421
214726
217126
219231
238033
257542
257946
285446
290136
295146
304020
346945
356948
361941
366446
371843
377451
380036
386250
394956
397154
429040
441939
449753
475855
481951
510225
516742
520228
523032
524135
525541
541640
552241
597869
598568
617748
627852
633847
647858
664757
680957
692964
694362
720337
728454
729557
734045
744553
759869
763557
782561
783462
800941
812746
815247
837964
844961
849971
884064
894673
910443
930449
943862
978578
