102715
103414
104820
114621
115724
120414
120717
124624
128026
129129
130518
133625
135124
137229
139839
141422
141826
142828
143325
144731
144933
149236
149842
150524
156031
156536
157942
158540
159946
160931
165436
167440
172433
173334
176037
188751
191336
192035
195849
196851
200311
200513
201111
202820
203923
204218
204622
205220
206323
206929
209228
210617
211316
213421
214726
217126
219231
233326
237334
238033
256540
257542
257946
295146
346945
366446
371843
377451
380036
386250
394956
397154
429040
441939
449753
469961
481951
510225
516742
520228
523032
524135
525541
541640
552241
561949
579867
597869
598568
617748
627852
633847
664757
680957
692964
694362
720337
728454
729557
734045
744553
748258
759869
763557
800941
812746
815247
837964
856766
884064
894673
910443
930449
943862
971160
978578
