  1   1 0.93
  1   2 0.92
  1   3 0.84
  1   4 -0.89
  1   5 0.70
  1   6 0.61
  1   7 0.26
  1   8 -0.24
  1   9 -0.35
  1  10 -0.12
  1  11 -0.38
  1  12 -0.24
  1  13 -0.31
  1  14 -0.06
  1  15 -0.02
  1  16 -0.19
  1  17 -0.06
  1  18 -0.17
  1  19 0.22
  1  20 0.14
  1  21 0.01
  1  22 -0.21
  1  23 -0.05
  1  24 -0.03
  1  25 -0.08
  1  26 0.05
  1  27 0.01
  2   1 0.82
  2   2 0.87
  2   3 0.94
  2   4 -0.80
  2   5 0.61
  2   6 0.49
  2   7 -0.02
  2   8 -0.27
  2   9 -0.30
  2  10 -0.11
  2  11 -0.35
  2  12 -0.21
  2  13 -0.27
  2  14 -0.06
  2  15 -0.12
  2  16 -0.25
  2  17 -0.13
  2  18 -0.22
  2  19 0.21
  2  20 0.01
  2  21 -0.05
  2  22 -0.11
  2  23 -0.04
  2  24 -0.10
  2  25 -0.04
  2  26 0.07
  2  27 -0.09
  3   1 0.85
  3   2 0.68
  3   3 0.59
  3   4 -0.82
  3   5 0.68
  3   6 0.69
  3   7 0.46
  3   8 0.08
  3   9 -0.36
  3  10 -0.02
  3  11 -0.35
  3  12 -0.18
  3  13 -0.33
  3  14 -0.13
  3  15 0.22
  3  16 -0.09
  3  17 -0.03
  3  18 -0.14
  3  19 0.27
  3  20 0.21
  3  21 0.03
  3  22 -0.23
  3  23 -0.04
  3  24 0.02
  3  25 0.00
  3  26 0.12
  3  27 0.03
  4   1 -0.75
  4   2 -0.80
  4   3 -0.73
  4   4 0.72
  4   5 -0.61
  4   6 -0.29
  4   7 -0.19
  4   8 0.52
  4   9 0.29
  4  10 0.32
  4  11 0.29
  4  12 0.21
  4  13 0.22
  4  14 0.04
  4  15 0.13
  4  16 0.24
  4  17 0.06
  4  18 0.11
  4  19 -0.12
  4  20 -0.17
  4  21 0.05
  4  22 0.19
  4  23 -0.00
  4  24 0.05
  4  25 0.15
  4  26 -0.03
  4  27 0.03
  5   1 0.87
  5   2 0.88
  5   3 0.84
  5   4 -0.90
  5   5 0.73
  5   6 0.55
  5   7 -0.04
  5   8 -0.32
  5   9 -0.38
  5  10 -0.08
  5  11 -0.38
  5  12 -0.30
  5  13 -0.38
  5  14 -0.07
  5  15 -0.06
  5  16 -0.31
  5  17 -0.12
  5  18 -0.20
  5  19 0.25
  5  20 0.08
  5  21 -0.07
  5  22 -0.18
  5  23 -0.10
  5  24 -0.12
  5  25 -0.11
  5  26 0.06
  5  27 -0.03
  6   1 -0.77
  6   2 -0.65
  6   3 -0.57
  6   4 0.87
  6   5 -0.61
  6   6 -0.69
  6   7 -0.24
  6   8 -0.09
  6   9 0.30
  6  10 0.36
  6  11 0.26
  6  12 0.10
  6  13 0.25
  6  14 0.03
  6  15 0.06
  6  16 0.16
  6  17 0.06
  6  18 0.29
  6  19 -0.17
  6  20 -0.19
  6  21 0.01
  6  22 0.17
  6  23 0.09
  6  24 0.00
  6  25 0.06
  6  26 -0.03
  6  27 0.09
  7   1 -0.83
  7   2 -0.82
  7   3 -0.69
  7   4 0.82
  7   5 -0.72
  7   6 -0.70
  7   7 -0.05
  7   8 0.07
  7   9 0.37
  7  10 0.08
  7  11 0.35
  7  12 0.33
  7  13 0.37
  7  14 0.15
  7  15 -0.02
  7  16 0.29
  7  17 0.07
  7  18 0.11
  7  19 -0.16
  7  20 -0.01
  7  21 -0.02
  7  22 0.12
  7  23 0.13
  7  24 0.02
  7  25 0.06
  7  26 0.05
  7  27 -0.07
  8   1 0.59
  8   2 0.50
  8   3 0.41
  8   4 -0.63
  8   5 0.58
  8   6 0.78
  8   7 0.21
  8   8 0.31
  8   9 -0.21
  8  10 0.03
  8  11 -0.20
  8  12 -0.16
  8  13 -0.20
  8  14 -0.09
  8  15 0.29
  8  16 -0.04
  8  17 -0.05
  8  18 -0.12
  8  19 0.17
  8  20 -0.03
  8  21 0.13
  8  22 -0.06
  8  23 -0.16
  8  24 0.07
  8  25 0.09
  8  26 -0.02
  8  27 0.15
  9   1 -0.60
  9   2 -0.52
  9   3 -0.55
  9   4 0.62
  9   5 -0.46
  9   6 -0.50
  9   7 0.02
  9   8 -0.07
  9   9 0.59
  9  10 0.28
  9  11 0.19
  9  12 -0.00
  9  13 0.12
  9  14 0.03
  9  15 0.16
  9  16 0.20
  9  17 0.21
  9  18 0.22
  9  19 -0.10
  9  20 -0.06
  9  21 0.04
  9  22 0.06
  9  23 -0.00
  9  24 0.17
  9  25 0.09
  9  26 0.01
  9  27 0.18
 10   1 0.60
 10   2 0.37
 10   3 0.24
 10   4 -0.61
 10   5 0.54
 10   6 0.87
 10   7 0.44
 10   8 0.45
 10   9 -0.25
 10  10 0.06
 10  11 -0.21
 10  12 -0.16
 10  13 -0.25
 10  14 -0.16
 10  15 0.20
 10  16 -0.02
 10  17 -0.03
 10  18 -0.08
 10  19 0.16
 10  20 0.07
 10  21 0.08
 10  22 -0.09
 10  23 -0.09
 10  24 0.06
 10  25 0.02
 10  26 0.03
 10  27 0.15
 11   1 -0.48
 11   2 -0.40
 11   3 -0.41
 11   4 0.54
 11   5 -0.40
 11   6 -0.39
 11   7 -0.06
 11   8 -0.03
 11   9 0.24
 11  10 0.36
 11  11 0.13
 11  12 -0.12
 11  13 0.06
 11  14 -0.01
 11  15 0.11
 11  16 0.13
 11  17 0.16
 11  18 0.23
 11  19 -0.04
 11  20 -0.13
 11  21 0.43
 11  22 0.05
 11  23 0.20
 11  24 0.03
 11  25 -0.02
 11  26 0.06
 11  27 0.20
 12   1 0.41
 12   2 0.50
 12   3 0.53
 12   4 -0.39
 12   5 0.17
 12   6 -0.01
 12   7 -0.32
 12   8 -0.44
 12   9 -0.11
 12  10 -0.37
 12  11 -0.01
 12  12 0.05
 12  13 0.28
 12  14 0.03
 12  15 -0.28
 12  16 0.00
 12  17 -0.14
 12  18 -0.21
 12  19 0.02
 12  20 0.01
 12  21 -0.16
 12  22 -0.04
 12  23 -0.06
 12  24 -0.27
 12  25 -0.16
 12  26 -0.07
 12  27 -0.24
 13   1 -0.34
 13   2 -0.28
 13   3 -0.33
 13   4 0.36
 13   5 -0.26
 13   6 -0.24
 13   7 -0.08
 13   8 0.00
 13   9 0.26
 13  10 0.21
 13  11 0.37
 13  12 0.51
 13  13 0.12
 13  14 -0.03
 13  15 0.07
 13  16 0.17
 13  17 0.03
 13  18 0.11
 13  19 -0.01
 13  20 -0.03
 13  21 -0.10
 13  22 0.16
 13  23 0.04
 13  24 0.20
 13  25 0.04
 13  26 -0.05
 13  27 0.02
 14   1 -0.06
 14   2 -0.00
 14   3 -0.05
 14   4 0.13
 14   5 -0.08
 14   6 -0.11
 14   7 0.17
 14   8 -0.18
 14   9 0.02
 14  10 0.20
 14  11 -0.47
 14  12 -0.16
 14  13 -0.07
 14  14 0.16
 14  15 0.04
 14  16 0.01
 14  17 0.14
 14  18 0.23
 14  19 -0.09
 14  20 0.16
 14  21 0.10
 14  22 -0.04
 14  23 0.06
 14  24 0.04
 14  25 -0.05
 14  26 0.06
 14  27 0.13
 15   1 -0.18
 15   2 -0.18
 15   3 -0.15
 15   4 0.22
 15   5 -0.10
 15   6 -0.27
 15   7 0.03
 15   8 -0.13
 15   9 -0.04
 15  10 0.31
 15  11 -0.12
 15  12 -0.13
 15  13 -0.09
 15  14 -0.08
 15  15 0.06
 15  16 -0.19
 15  17 0.04
 15  18 0.20
 15  19 -0.18
 15  20 -0.19
 15  21 -0.03
 15  22 0.13
 15  23 0.01
 15  24 0.07
 15  25 -0.09
 15  26 -0.03
 15  27 0.05
 16   1 -0.10
 16   2 -0.11
 16   3 -0.07
 16   4 0.26
 16   5 -0.03
 16   6 0.01
 16   7 0.09
 16   8 0.06
 16   9 0.02
 16  10 0.89
 16  11 -0.09
 16  12 -0.15
 16  13 -0.14
 16  14 -0.11
 16  15 0.28
 16  16 0.05
 16  17 0.01
 16  18 0.21
 16  19 0.11
 16  20 -0.17
 16  21 0.03
 16  22 0.03
 16  23 0.00
 16  24 0.08
 16  25 0.13
 16  26 0.06
 16  27 0.24
 17   1 -0.04
 17   2 -0.03
 17   3 -0.00
 17   4 0.06
 17   5 0.01
 17   6 -0.21
 17   7 -0.20
 17   8 -0.23
 17   9 -0.01
 17  10 0.08
 17  11 -0.14
 17  12 0.00
 17  13 -0.12
 17  14 -0.33
 17  15 0.01
 17  16 -0.05
 17  17 0.15
 17  18 0.21
 17  19 0.11
 17  20 0.09
 17  21 -0.14
 17  22 0.05
 17  23 -0.03
 17  24 0.18
 17  25 -0.04
 17  26 0.03
 17  27 0.08
 18   1 -0.18
 18   2 -0.20
 18   3 -0.17
 18   4 0.11
 18   5 -0.06
 18   6 -0.05
 18   7 -0.12
 18   8 0.17
 18   9 -0.02
 18  10 -0.06
 18  11 0.10
 18  12 0.01
 18  13 -0.08
 18  14 0.03
 18  15 0.27
 18  16 0.04
 18  17 0.01
 18  18 -0.00
 18  19 0.13
 18  20 -0.06
 18  21 0.10
 18  22 0.06
 18  23 0.17
 18  24 0.05
 18  25 0.09
 18  26 0.17
 18  27 0.10
 19   1 0.04
 19   2 0.03
 19   3 0.00
 19   4 -0.05
 19   5 0.00
 19   6 0.10
 19   7 -0.25
 19   8 0.18
 19   9 0.01
 19  10 0.00
 19  11 0.01
 19  12 0.16
 19  13 0.20
 19  14 0.15
 19  15 0.30
 19  16 0.50
 19  17 0.10
 19  18 -0.13
 19  19 0.11
 19  20 0.07
 19  21 0.06
 19  22 -0.07
 19  23 -0.25
 19  24 -0.07
 19  25 0.27
 19  26 0.01
 19  27 -0.05
 20   1 -0.22
 20   2 -0.20
 20   3 -0.21
 20   4 0.27
 20   5 -0.29
 20   6 -0.18
 20   7 0.24
 20   8 0.01
 20   9 0.07
 20  10 0.21
 20  11 -0.06
 20  12 0.20
 20  13 0.01
 20  14 0.43
 20  15 0.21
 20  16 0.24
 20  17 0.16
 20  18 0.18
 20  19 0.20
 20  20 0.25
 20  21 0.21
 20  22 -0.18
 20  23 0.19
 20  24 0.38
 20  25 0.03
 20  26 0.32
 20  27 0.10
 21   1 -0.02
 21   2 -0.05
 21   3 -0.02
 21   4 0.04
 21   5 0.07
 21   6 0.02
 21   7 0.04
 21   8 0.10
 21   9 -0.06
 21  10 0.34
 21  11 -0.15
 21  12 -0.08
 21  13 -0.09
 21  14 0.17
 21  15 0.21
 21  16 -0.01
 21  17 0.00
 21  18 0.04
 21  19 -0.12
 21  20 -0.07
 21  21 0.01
 21  22 0.02
 21  23 -0.15
 21  24 -0.27
 21  25 0.12
 21  26 -0.08
 21  27 0.20
 22   1 -0.29
 22   2 -0.26
 22   3 -0.27
 22   4 0.35
 22   5 -0.18
 22   6 -0.18
 22   7 0.02
 22   8 0.09
 22   9 0.02
 22  10 0.24
 22  11 -0.11
 22  12 0.18
 22  13 0.07
 22  14 0.06
 22  15 0.24
 22  16 0.07
 22  17 0.21
 22  18 0.32
 22  19 0.10
 22  20 -0.04
 22  21 0.19
 22  22 -0.11
 22  23 -0.03
 22  24 0.15
 22  25 -0.16
 22  26 -0.07
 22  27 0.08
 23   1 -0.01
 23   2 -0.03
 23   3 -0.10
 23   4 -0.05
 23   5 0.18
 23   6 0.02
 23   7 0.04
 23   8 0.03
 23   9 -0.14
 23  10 0.07
 23  11 -0.13
 23  12 -0.14
 23  13 -0.11
 23  14 -0.03
 23  15 0.19
 23  16 -0.13
 23  17 0.21
 23  18 0.25
 23  19 -0.32
 23  20 -0.10
 23  21 -0.05
 23  22 0.20
 23  23 -0.20
 23  24 0.23
 23  25 -0.04
 23  26 -0.22
 23  27 -0.23
 24   1 -0.17
 24   2 -0.04
 24   3 -0.17
 24   4 0.21
 24   5 -0.09
 24   6 -0.24
 24   7 0.20
 24   8 -0.20
 24   9 0.14
 24  10 0.15
 24  11 0.01
 24  12 0.12
 24  13 0.21
 24  14 0.15
 24  15 0.07
 24  16 0.35
 24  17 0.77
 24  18 0.17
 24  19 -0.10
 24  20 0.45
 24  21 0.19
 24  22 -0.17
 24  23 -0.01
 24  24 0.25
 24  25 -0.02
 24  26 -0.11
 24  27 -0.02
 25   1 0.00
 25   2 -0.07
 25   3 0.04
 25   4 -0.06
 25   5 -0.04
 25   6 0.14
 25   7 -0.12
 25   8 0.26
 25   9 -0.10
 25  10 -0.17
 25  11 -0.01
 25  12 0.04
 25  13 0.09
 25  14 -0.11
 25  15 -0.23
 25  16 -0.11
 25  17 -0.24
 25  18 -0.20
 25  19 -0.03
 25  20 -0.24
 25  21 -0.12
 25  22 0.56
 25  23 -0.03
 25  24 -0.23
 25  25 0.09
 25  26 -0.01
 25  27 -0.19
 26   1 -0.20
 26   2 -0.24
 26   3 -0.23
 26   4 0.24
 26   5 -0.23
 26   6 -0.09
 26   7 0.06
 26   8 0.13
 26   9 0.07
 26  10 0.08
 26  11 0.13
 26  12 -0.01
 26  13 -0.05
 26  14 -0.21
 26  15 -0.03
 26  16 -0.15
 26  17 -0.09
 26  18 0.30
 26  19 -0.07
 26  20 -0.46
 26  21 -0.14
 26  22 0.18
 26  23 0.38
 26  24 -0.01
 26  25 0.03
 26  26 0.07
 26  27 0.18
 27   1 -0.03
 27   2 -0.03
 27   3 -0.06
 27   4 -0.05
 27   5 0.01
 27   6 0.03
 27   7 -0.04
 27   8 0.03
 27   9 0.02
 27  10 -0.19
 27  11 0.23
 27  12 -0.08
 27  13 0.01
 27  14 0.27
 27  15 0.22
 27  16 0.13
 27  17 -0.06
 27  18 -0.27
 27  19 -0.26
 27  20 0.10
 27  21 0.07
 27  22 -0.06
 27  23 -0.24
 27  24 0.09
 27  25 -0.16
 27  26 -0.09
 27  27 -0.00
 28   1 0.07
 28   2 0.11
 28   3 0.04
 28   4 -0.06
 28   5 0.03
 28   6 -0.22
 28   7 -0.04
 28   8 -0.38
 28   9 -0.15
 28  10 -0.03
 28  11 -0.26
 28  12 -0.12
 28  13 -0.28
 28  14 0.03
 28  15 0.14
 28  16 -0.24
 28  17 0.23
 28  18 0.27
 28  19 0.16
 28  20 0.09
 28  21 0.12
 28  22 -0.14
 28  23 0.17
 28  24 -0.00
 28  25 0.05
 28  26 0.31
 28  27 0.15
