  1   1 -0.06
  1   2 0.10
  1   3 0.59
  1   4 -0.06
  1   5 -0.05
  1   6 0.03
  1   7 0.02
  1   8 -0.10
  1   9 0.14
  1  10 0.02
  2   1 0.76
  2   2 0.21
  2   3 0.04
  2   4 -0.01
  2   5 0.00
  2   6 -0.01
  2   7 -0.07
  2   8 0.09
  2   9 -0.04
  2  10 -0.02
  3   1 -0.03
  3   2 0.02
  3   3 -0.00
  3   4 0.22
  3   5 -0.05
  3   6 -0.03
  3   7 0.08
  3   8 -0.05
  3   9 0.07
  3  10 0.16
  4   1 0.03
  4   2 -0.02
  4   3 -0.05
  4   4 0.04
  4   5 -0.06
  4   6 -0.03
  4   7 -0.05
  4   8 -0.01
  4   9 0.57
  4  10 0.05
  5   1 0.00
  5   2 -0.02
  5   3 -0.06
  5   4 -0.08
  5   5 0.00
  5   6 -0.00
  5   7 -0.09
  5   8 -0.04
  5   9 0.05
  5  10 0.65
  6   1 -0.03
  6   2 -0.04
  6   3 -0.06
  6   4 -0.08
  6   5 -0.04
  6   6 0.09
  6   7 0.16
  6   8 0.16
  6   9 -0.18
  6  10 0.26
  7   1 0.12
  7   2 -0.06
  7   3 -0.02
  7   4 -0.03
  7   5 -0.00
  7   6 -0.03
  7   7 0.31
  7   8 0.17
  7   9 0.16
  7  10 0.07
  8   1 0.06
  8   2 -0.06
  8   3 -0.07
  8   4 0.66
  8   5 0.01
  8   6 -0.01
  8   7 -0.09
  8   8 0.06
  8   9 0.02
  8  10 0.01
  9   1 -0.03
  9   2 0.05
  9   3 -0.04
  9   4 -0.18
  9   5 -0.02
  9   6 0.09
  9   7 -0.15
  9   8 0.42
  9   9 0.22
  9  10 -0.02
 10   1 -0.06
 10   2 0.09
 10   3 0.06
 10   4 0.06
 10   5 0.08
 10   6 0.38
 10   7 -0.00
 10   8 -0.01
 10   9 -0.02
 10  10 0.14
 11   1 0.07
 11   2 -0.12
 11   3 0.01
 11   4 -0.05
 11   5 -0.08
 11   6 0.25
 11   7 -0.13
 11   8 -0.03
 11   9 -0.10
 11  10 -0.06
 12   1 0.02
 12   2 -0.02
 12   3 0.32
 12   4 0.04
 12   5 -0.02
 12   6 -0.05
 12   7 0.06
 12   8 -0.11
 12   9 -0.11
 12  10 0.13
 13   1 -0.01
 13   2 -0.08
 13   3 0.01
 13   4 0.01
 13   5 0.06
 13   6 0.23
 13   7 0.40
 13   8 -0.05
 13   9 0.19
 13  10 -0.10
 14   1 0.04
 14   2 -0.03
 14   3 -0.00
 14   4 0.00
 14   5 -0.04
 14   6 0.25
 14   7 0.23
 14   8 0.02
 14   9 -0.02
 14  10 -0.00
 15   1 -0.01
 15   2 -0.01
 15   3 0.02
 15   4 -0.04
 15   5 -0.05
 15   6 -0.12
 15   7 0.15
 15   8 0.03
 15   9 -0.01
 15  10 0.12
 16   1 -0.12
 16   2 -0.06
 16   3 0.00
 16   4 0.05
 16   5 -0.02
 16   6 -0.08
 16   7 -0.11
 16   8 0.27
 16   9 -0.05
 16  10 -0.06
 17   1 -0.02
 17   2 -0.02
 17   3 0.05
 17   4 0.04
 17   5 -0.07
 17   6 0.04
 17   7 -0.19
 17   8 0.03
 17   9 -0.04
 17  10 -0.03
 18   1 -0.10
 18   2 0.14
 18   3 0.08
 18   4 0.04
 18   5 0.04
 18   6 -0.01
 18   7 -0.01
 18   8 0.03
 18   9 0.01
 18  10 0.00
 19   1 -0.10
 19   2 -0.03
 19   3 -0.01
 19   4 0.07
 19   5 -0.04
 19   6 -0.09
 19   7 0.12
 19   8 0.16
 19   9 -0.04
 19  10 -0.02
 20   1 0.04
 20   2 -0.02
 20   3 0.12
 20   4 -0.06
 20   5 0.26
 20   6 -0.08
 20   7 -0.17
 20   8 -0.05
 20   9 -0.01
 20  10 0.01
 21   1 -0.07
 21   2 0.60
 21   3 0.09
 21   4 0.00
 21   5 -0.07
 21   6 0.07
 21   7 0.04
 21   8 0.05
 21   9 -0.05
 21  10 -0.04
 22   1 -0.09
 22   2 0.05
 22   3 0.07
 22   4 0.01
 22   5 0.05
 22   6 -0.04
 22   7 0.01
 22   8 -0.03
 22   9 0.18
 22  10 -0.05
 23   1 -0.06
 23   2 0.09
 23   3 0.04
 23   4 0.01
 23   5 -0.02
 23   6 -0.09
 23   7 -0.01
 23   8 0.04
 23   9 -0.05
 23  10 0.07
 24   1 0.06
 24   2 0.01
 24   3 0.07
 24   4 0.20
 24   5 0.28
 24   6 0.05
 24   7 0.04
 24   8 0.13
 24   9 -0.04
 24  10 -0.01
 25   1 -0.03
 25   2 0.02
 25   3 -0.10
 25   4 -0.09
 25   5 0.02
 25   6 -0.03
 25   7 0.03
 25   8 -0.08
 25   9 -0.02
 25  10 -0.02
