  1   1 -0.01
  1   2 0.16
  1   3 0.56
  1   4 -0.01
  1   5 -0.02
  1   6 0.11
  1   7 -0.11
  1   8 -0.02
  1   9 -0.03
  1  10 -0.04
  2   1 -0.05
  2   2 -0.05
  2   3 0.08
  2   4 -0.01
  2   5 0.00
  2   6 0.01
  2   7 -0.11
  2   8 -0.06
  2   9 0.08
  2  10 0.01
  3   1 -0.04
  3   2 -0.03
  3   3 0.10
  3   4 -0.22
  3   5 -0.02
  3   6 -0.01
  3   7 -0.04
  3   8 -0.05
  3   9 0.14
  3  10 0.46
  4   1 0.78
  4   2 0.11
  4   3 0.02
  4   4 -0.04
  4   5 -0.03
  4   6 -0.04
  4   7 -0.02
  4   8 0.02
  4   9 -0.02
  4  10 -0.05
  5   1 0.01
  5   2 0.01
  5   3 -0.05
  5   4 0.10
  5   5 -0.05
  5   6 -0.02
  5   7 0.03
  5   8 -0.06
  5   9 0.00
  5  10 0.40
  6   1 0.00
  6   2 -0.10
  6   3 0.16
  6   4 0.15
  6   5 -0.12
  6   6 -0.18
  6   7 0.25
  6   8 -0.06
  6   9 0.24
  6  10 -0.14
  7   1 0.00
  7   2 0.04
  7   3 -0.11
  7   4 0.00
  7   5 -0.08
  7   6 -0.01
  7   7 -0.07
  7   8 0.02
  7   9 0.56
  7  10 0.04
  8   1 0.02
  8   2 -0.06
  8   3 0.06
  8   4 -0.06
  8   5 0.07
  8   6 0.23
  8   7 0.44
  8   8 0.06
  8   9 0.21
  8  10 -0.10
  9   1 -0.07
  9   2 0.70
  9   3 0.16
  9   4 0.00
  9   5 -0.02
  9   6 0.02
  9   7 0.00
  9   8 0.03
  9   9 0.01
  9  10 0.00
 10   1 0.18
 10   2 -0.07
 10   3 0.04
 10   4 0.49
 10   5 0.03
 10   6 0.06
 10   7 -0.06
 10   8 0.19
 10   9 0.05
 10  10 0.12
 11   1 0.05
 11   2 0.02
 11   3 0.01
 11   4 0.01
 11   5 -0.01
 11   6 0.07
 11   7 0.15
 11   8 -0.05
 11   9 -0.08
 11  10 0.28
 12   1 -0.01
 12   2 0.01
 12   3 0.07
 12   4 0.06
 12   5 0.01
 12   6 0.35
 12   7 0.02
 12   8 -0.05
 12   9 -0.00
 12  10 0.10
 13   1 -0.05
 13   2 -0.12
 13   3 0.04
 13   4 -0.03
 13   5 -0.14
 13   6 0.03
 13   7 -0.16
 13   8 -0.04
 13   9 -0.08
 13  10 -0.09
 14   1 -0.09
 14   2 0.00
 14   3 -0.05
 14   4 0.50
 14   5 0.09
 14   6 -0.00
 14   7 -0.15
 14   8 -0.03
 14   9 -0.03
 14  10 0.03
 15   1 0.02
 15   2 0.05
 15   3 -0.13
 15   4 -0.20
 15   5 0.02
 15   6 0.14
 15   7 -0.09
 15   8 0.52
 15   9 0.08
 15  10 0.11
 16   1 -0.02
 16   2 -0.11
 16   3 0.07
 16   4 0.01
 16   5 -0.04
 16   6 -0.03
 16   7 0.34
 16   8 0.04
 16   9 -0.16
 16  10 0.16
 17   1 -0.13
 17   2 -0.07
 17   3 0.01
 17   4 0.07
 17   5 -0.04
 17   6 -0.08
 17   7 -0.05
 17   8 0.38
 17   9 -0.02
 17  10 -0.12
 18   1 0.00
 18   2 0.02
 18   3 0.02
 18   4 0.01
 18   5 -0.03
 18   6 0.24
 18   7 0.16
 18   8 0.03
 18   9 -0.02
 18  10 0.02
 19   1 0.05
 19   2 -0.01
 19   3 -0.11
 19   4 -0.05
 19   5 -0.05
 19   6 0.31
 19   7 -0.04
 19   8 -0.05
 19   9 -0.11
 19  10 -0.11
 20   1 -0.00
 20   2 -0.01
 20   3 -0.02
 20   4 -0.03
 20   5 -0.12
 20   6 -0.12
 20   7 0.04
 20   8 0.06
 20   9 -0.05
 20  10 0.15
 21   1 -0.00
 21   2 0.01
 21   3 0.11
 21   4 -0.05
 21   5 -0.02
 21   6 -0.08
 21   7 -0.00
 21   8 -0.01
 21   9 -0.03
 21  10 0.01
 22   1 0.07
 22   2 -0.03
 22   3 0.17
 22   4 -0.06
 22   5 0.32
 22   6 -0.08
 22   7 -0.08
 22   8 0.01
 22   9 -0.04
 22  10 0.01
 23   1 -0.12
 23   2 0.03
 23   3 -0.05
 23   4 0.03
 23   5 -0.06
 23   6 0.04
 23   7 0.15
 23   8 -0.04
 23   9 -0.06
 23  10 0.02
 24   1 -0.08
 24   2 0.03
 24   3 0.04
 24   4 0.02
 24   5 0.00
 24   6 0.03
 24   7 0.07
 24   8 -0.03
 24   9 0.22
 24  10 -0.09
 25   1 0.01
 25   2 0.09
 25   3 -0.06
 25   4 0.00
 25   5 0.12
 25   6 0.00
 25   7 0.07
 25   8 0.06
 25   9 0.02
 25  10 -0.03
