100206
101309
101410
101915
105923
108525
109325
110411
111716
112314
112920
113215
114823
118124
118528
118932
119126
119732
120515
121416
122317
124624
127327
127630
129634
130922
135225
135629
135932
137633
138231
142828
144832
146533
147737
150019
150625
151021
151627
151829
152427
153025
153126
153631
154734
155635
156637
157437
158035
159744
162228
162733
164939
165941
166640
168139
169545
173233
173435
173536
173839
173940
174437
175136
175338
175742
176441
176845
178748
178950
180230
180836
181131
187143
188145
188347
188448
188549
191235
192843
193239
196144
196346
198350
199958
202113
204622
206828
208125
208226
208327
209935
210415
211114
211215
211619
211720
217429
224022
237334
250932
256540
275645
304020
305830
308331
317332
329844
334635
346137
349244
350330
355239
378857
379657
381543
394956
406432
419239
436239
445543
459453
475855
510326
513736
522434
529549
530635
540436
553344
555651
559457
566454
571144
580650
581349
587664
588565
594156
599671
604537
614439
615744
616645
620434
622236
626648
645450
645551
654350
663755
668361
673455
693764
701535
756055
761957
774663
788876
793465
803240
810843
815247
816653
825654
828862
833148
841349
849264
856766
856968
865363
872562
873968
877269
880157
894067
902242
904044
922854
930449
932554
942658
952863
965367
979984
987074
990366
993675
